2 0.907692 0.805357 0.130769 0.117857
2 0.713462 0.816071 0.150000 0.146429
2 0.882692 0.625000 0.134615 0.135714
2 0.709615 0.632143 0.157692 0.142857
2 0.703846 0.446429 0.130769 0.150000
2 0.903846 0.453571 0.169231 0.157143
2 0.898077 0.080357 0.180769 0.153571
2 0.513462 0.812500 0.142308 0.139286
2 0.307692 0.825000 0.176923 0.164286
2 0.113462 0.819643 0.150000 0.146429
2 0.301923 0.637500 0.150000 0.153571
2 0.123077 0.435714 0.146154 0.128571
2 0.296154 0.439286 0.123077 0.135714
2 0.713462 0.262500 0.150000 0.146429
2 0.115385 0.266071 0.161538 0.160714
2 0.511538 0.625000 0.146154 0.135714
