2 0.488439 0.773214 0.075145 0.139286
2 0.648844 0.646429 0.078035 0.135714
2 0.858382 0.762500 0.075145 0.125000
2 0.449422 0.616071 0.072254 0.125000
2 0.296243 0.691071 0.089595 0.103571
2 0.910405 0.573214 0.075145 0.110714
2 0.677746 0.426786 0.078035 0.110714
2 0.544798 0.491071 0.066474 0.103571
2 0.380058 0.475000 0.078035 0.121429
2 0.241329 0.525000 0.072254 0.128571
2 0.102601 0.569643 0.072254 0.139286
2 0.145954 0.407143 0.072254 0.135714
2 0.329480 0.362500 0.069364 0.103571
2 0.507225 0.323214 0.066474 0.117857
2 0.606936 0.316071 0.063584 0.125000
2 0.787572 0.260714 0.072254 0.121429
2 0.940751 0.282143 0.066474 0.135714
2 0.190751 0.158929 0.057803 0.117857
